sample	ucseq_Dros_sech_plant1	ucseq_Dros_sim_base100	ucseq_Drosophila_sim_WXD1_downSmpld	ucseq_Drosophila_yakuba_downSmpld	ucseq_bac_bin_0_5_all.fna	ucseq_s1_Dros_sim_overlap_0	ucseq_s1_Dros_sim_overlap_1	ucseq_s1_Dros_sim_overlap_10	ucseq_s1_Dros_sim_overlap_25	ucseq_s1_Dros_sim_overlap_5	ucseq_s1_Dros_sim_overlap_50	ucseq_s2_Dros_sech_overlap_0	ucseq_s2_Dros_sech_overlap_1	ucseq_s2_Dros_sech_overlap_10	ucseq_s2_Dros_sech_overlap_25	ucseq_s2_Dros_sech_overlap_50	ucseq_s2_Drosophila_sim_WXD1_overlap_0	ucseq_s2_Drosophila_sim_WXD1_overlap_1	ucseq_s2_Drosophila_sim_WXD1_overlap_10	ucseq_s2_Drosophila_sim_WXD1_overlap_25	ucseq_s2_Drosophila_sim_WXD1_overlap_5	ucseq_s2_Drosophila_sim_WXD1_overlap_50	ucseq_s2_Drosophila_yakuba_overlap_0	ucseq_s2_Drosophila_yakuba_overlap_1	ucseq_s2_Drosophila_yakuba_overlap_10	ucseq_s2_Drosophila_yakuba_overlap_25	ucseq_s2_Drosophila_yakuba_overlap_5	ucseq_s2_Drosophila_yakuba_overlap_50
ucseq_Dros_sech_plant1	0.0	0.021295861758672374	0.02076685440625836	0.06741910266631657	1.0	0.021733402770276466	0.02173087668555762	0.02172685327462187	0.02172165924195313	0.02172891164638957	0.021727850222234446	0	0	0	0	0	0.02123005859810645	0.02123663242665219	0.021222234046748834	0.021227221431341148	0.021226403282725514	0.02122943550723655	0.06803212838764428	0.06803596217975161	0.06802511833076419	0.06802972699598286	0.06802880548558543	0.06803040990978182
ucseq_Dros_sim_base100	0.021295861758672374	0.0	0.0019369028465041627	0.06338862793073141	1.0	0	0	0	0	0	0	0.022021004262977484	0.022027340844035903	0.022011654935703562	0.022017585515245686	0.022019629669414953	0.002610527314200861	0.0026168550104450627	0.0026014155388655036	0.0026080469635499925	0.0026064842531867694	0.0026101688415381963	0.06410097303572315	0.06410426076438647	0.06409101037993359	0.06409767798211707	0.06409619370684971	0.0640991958387006
ucseq_Drosophila_sim_WXD1_downSmpld	0.02076685440625836	0.0019369028465041627	0.0	0.06404144982048177	1.0	0.002396996991376743	0.002393553758846423	0.0023900080717451644	0.0023835055490128987	0.0023917524933286805	0.0023895895422797464	0.021340222765871886	0.02134484183698182	0.021331936190355782	0.021337432819976243	0.02133935397943909	0	0	0	0	0	0	0.06464029924142856	0.06464421277712329	0.06463345105342233	0.06463714271298238	0.06463645359641024	0.06463843492749077
ucseq_Drosophila_yakuba_downSmpld	0.06741910266631657	0.06338862793073141	0.06404144982048177	0.0	1.0	0.06390503203875275	0.06390345405192344	0.06390028683987026	0.06389553361329647	0.06390228358081662	0.0639007357439687	0.0681115061836286	0.06811616963680944	0.06810310302805822	0.06810859641647038	0.06810926304185172	0.06464021458646918	0.06464436751152736	0.0646308621600774	0.06463823581480244	0.06463516382932877	0.06463816346031781	0	0	0	0	0	0
ucseq_bac_bin_0_5_all.fna	1.0	1.0	1.0	1.0	0.0	0.03870918661793121	0.03854922913104386	0.038689175117915586	0.038636395997538764	0.038633634552296736	0.03848865255285905	0.03407460698532738	0.03399998123998249	0.03398660786988961	0.034136087040707586	0.03406477185565737	0.035355392984242506	0.03528502854171278	0.035275291887036264	0.03542029367787347	0.0353235892417354	0.035354796247414	0.035378994610731684	0.03530795775598039	0.035298760070729074	0.0354452642702322	0.03535148548926459	0.0353769823333695
ucseq_s1_Dros_sim_overlap_0	0.021733402770276466	0	0.002396996991376743	0.06390503203875275	0.03870918661793121	0.0	0	0	0	0	0	0.020379903661474352	0.017822958457504368	0.017829603488218493	0.01788273189193612	0.017840668553307792	0.0019315696955771733	0.00048707568538741697	0.00048601044998775045	0.0005175340640291015	0.0004961253117048425	0.0004959381164082455	0.057706791441802685	0.050359451067264915	0.05038678266144481	0.05052629244203055	0.050421254837115015	0.050419968615840194
ucseq_s1_Dros_sim_overlap_1	0.02173087668555762	0	0.002393553758846423	0.06390345405192344	0.03854922913104386	0	0.0	0	0	0	0	0.017779559130439937	0.02026197915120609	0.017786598785256347	0.017829560971824865	0.017843487397685598	0.0004592776452316816	0.001868485327943703	0.00045801299546588403	0.00048718446375661806	0.0004629850474823227	0.000495087904631597	0.0502350144525705	0.057326364335011704	0.05027772569137834	0.05038108953125431	0.050284423376914966	0.050414315156560585
ucseq_s1_Dros_sim_overlap_10	0.02172685327462187	0	0.0023900080717451644	0.06390028683987026	0.038689175117915586	0	0	0.0	0	0	0	0.017866737982951242	0.017831881143105743	0.019324627463704114	0.017826138308902784	0.017839226489839155	0.0005095535154400199	0.0004894609410275308	0.001333993460521543	0.000482767327407041	0.0004908424267365818	0.0004915218057583992	0.050472557453005384	0.0503869110197811	0.05455932022050414	0.050379573702812985	0.050423843368473054	0.050421336161367014
ucseq_s1_Dros_sim_overlap_25	0.02172165924195313	0	0.0023835055490128987	0.06389553361329647	0.038636395997538764	0	0	0	0.0	0	0	0.01782743877853188	0.017846363816369726	0.01782891728817737	0.01781010994295018	0.01781390581839759	0.0004829600051272642	0.0004961197187155486	0.0004834038198343604	0.0004715429676100946	0.0004798523878658534	0.0004771375679948342	0.05038763166695226	0.050434406404745835	0.0504120124584686	0.05035320471367033	0.05039035040999684	0.050354525281884444
ucseq_s1_Dros_sim_overlap_5	0.02172891164638957	0	0.0023917524933286805	0.06390228358081662	0.038633634552296736	0	0	0	0	0.0	0	0.01782517275990836	0.017805160969517453	0.017819506945782604	0.0178403778920585	0.01782516758385111	0.0004846345917900452	0.00047600539401582154	0.00047959809098363504	0.0004930987397963049	0.0016291480815510129	0.00048479499015852134	0.05035939094225417	0.05031820545757715	0.050384150331483024	0.05042605108094511	0.056081715391474996	0.05037969896265759
ucseq_s1_Dros_sim_overlap_50	0.021727850222234446	0	0.0023895895422797464	0.0639007357439687	0.03848865255285905	0	0	0	0	0	0.0	0.017800062032587993	0.01780881426377745	0.017782664068764165	0.017813475282224434	0.015327122358397616	0.0004691938646609328	0.00047848376541348436	0.0004566266860952517	0.0004771776580226872	0.00045084376301773865	0	0.05029722424386296	0.050321270715651845	0.0502736711454147	0.05033905604672839	0.05024443381175592	0.04410959505933809
ucseq_s2_Dros_sech_overlap_0	0	0.022021004262977484	0.021340222765871886	0.0681115061836286	0.03407460698532738	0.020379903661474352	0.017779559130439937	0.017866737982951242	0.01782743877853188	0.01782517275990836	0.017800062032587993	0.0	0	0	0	0	0.009291856729885084	0.016869378429411608	0.0168273004733267	0.01685706526193087	0.016841690634761264	0.01684410900697797	0.03305926914619217	0.05137005764386793	0.05126570259089391	0.051348268682742226	0.05129873218369019	0.0512983256020364
ucseq_s2_Dros_sech_overlap_1	0	0.022027340844035903	0.02134484183698182	0.06811616963680944	0.03399998123998249	0.017822958457504368	0.02026197915120609	0.017831881143105743	0.017846363816369726	0.017805160969517453	0.01780881426377745	0	0.0	0	0	0	0.01686859953468256	0.009269980969532132	0.016882345434466317	0.016868444043956266	0.01687397329824325	0.016835508389962173	0.05137085563411414	0.03301244624611921	0.051427538778193504	0.05137087584885114	0.051390372068825796	0.051279564744550865
ucseq_s2_Dros_sech_overlap_10	0	0.022011654935703562	0.021331936190355782	0.06810310302805822	0.03398660786988961	0.017829603488218493	0.017786598785256347	0.019324627463704114	0.01782891728817737	0.017819506945782604	0.017782664068764165	0	0	0.0	0	0	0.016827721731155654	0.016883545772573894	0.00925285945807719	0.016891098249351533	0.016832527324499358	0.016865255708356286	0.05126431413341348	0.05142535308472884	0.0330180836553533	0.05146790414775271	0.05128837720210311	0.051380104801679316
ucseq_s2_Dros_sech_overlap_25	0	0.022017585515245686	0.021337432819976243	0.06810859641647038	0.034136087040707586	0.01788273189193612	0.017829560971824865	0.017826138308902784	0.01781010994295018	0.0178403778920585	0.017813475282224434	0	0	0	0.0	0	0.016856755232473986	0.016868912899624666	0.01689036693634538	0.009312841503755775	0.01684497652809025	0.016867009179158843	0.05134859268404701	0.05137040168670082	0.05146961625844493	0.03312645906328493	0.051324104259249825	0.05138894894768464
ucseq_s2_Dros_sech_overlap_50	0	0.022019629669414953	0.02133935397943909	0.06810926304185172	0.03406477185565737	0.017840668553307792	0.017843487397685598	0.017839226489839155	0.01781390581839759	0.01782516758385111	0.015327122358397616	0	0	0	0	0.0	0.01684391379909478	0.016836092151292004	0.01686463918205472	0.0168671240215843	0.016875324943716796	0.009282293498943828	0.051298337578888686	0.051278778709088924	0.051381504940663625	0.05138863698078622	0.051402260016890966	0.03305895502046219
ucseq_s2_Drosophila_sim_WXD1_overlap_0	0.02123005859810645	0.002610527314200861	0	0.06464021458646918	0.035355392984242506	0.0019315696955771733	0.0004592776452316816	0.0005095535154400199	0.0004829600051272642	0.0004846345917900452	0.0004691938646609328	0.009291856729885084	0.01686859953468256	0.016827721731155654	0.016856755232473986	0.01684391379909478	0.0	0	0	0	0	0	0.03238422268127694	0.04962100821093951	0.049523538657485044	0.049600653566267305	0.04955607823560326	0.049556080953946036
ucseq_s2_Drosophila_sim_WXD1_overlap_1	0.02123663242665219	0.0026168550104450627	0	0.06464436751152736	0.03528502854171278	0.00048707568538741697	0.001868485327943703	0.0004894609410275308	0.0004961197187155486	0.00047600539401582154	0.00047848376541348436	0.016869378429411608	0.009269980969532132	0.016883545772573894	0.016868912899624666	0.016836092151292004	0	0.0	0	0	0	0	0.04962251572745868	0.03234005531005135	0.04967205840266109	0.04962084963687019	0.04963848630598999	0.04953877363079151
ucseq_s2_Drosophila_sim_WXD1_overlap_10	0.021222234046748834	0.0026014155388655036	0	0.0646308621600774	0.035275291887036264	0.00048601044998775045	0.00045801299546588403	0.001333993460521543	0.0004834038198343604	0.00047959809098363504	0.0004566266860952517	0.0168273004733267	0.016882345434466317	0.00925285945807719	0.01689036693634538	0.01686463918205472	0	0	0.0	0	0	0	0.04952178996844725	0.04966880279754726	0.0323449951903626	0.04970605538181716	0.04954593219406633	0.04962668193616193
ucseq_s2_Drosophila_sim_WXD1_overlap_25	0.021227221431341148	0.0026080469635499925	0	0.06463823581480244	0.03542029367787347	0.0005175340640291015	0.00048718446375661806	0.000482767327407041	0.0004715429676100946	0.0004930987397963049	0.0004771776580226872	0.01685706526193087	0.016868444043956266	0.016891098249351533	0.009312841503755775	0.0168671240215843	0	0	0	0.0	0	0	0.04960125934288018	0.04961994773585421	0.04970840948863986	0.03244511371397163	0.04957289387643826	0.04963963811292582
ucseq_s2_Drosophila_sim_WXD1_overlap_5	0.021226403282725514	0.0026064842531867694	0	0.06463516382932877	0.0353235892417354	0.0004961253117048425	0.0004629850474823227	0.0004908424267365818	0.0004798523878658534	0.0016291480815510129	0.00045084376301773865	0.016841690634761264	0.01687397329824325	0.016832527324499358	0.01684497652809025	0.016875324943716796	0	0	0	0	0.0	0	0.04955546677035749	0.04963636750364342	0.049547069344994865	0.04957167662042816	0.032363838221259655	0.049651726485798076
ucseq_s2_Drosophila_sim_WXD1_overlap_50	0.02122943550723655	0.0026101688415381963	0	0.06463816346031781	0.035354796247414	0.0004959381164082455	0.000495087904631597	0.0004915218057583992	0.0004771375679948342	0.00048479499015852134	0	0.01684410900697797	0.016835508389962173	0.016865255708356286	0.016867009179158843	0.009282293498943828	0	0	0	0	0	0.0	0.04955627557662401	0.04953746061497932	0.04962862499345455	0.04963922699200718	0.04965253247378054	0.03238083035109984
ucseq_s2_Drosophila_yakuba_overlap_0	0.06803212838764428	0.06410097303572315	0.06464029924142856	0	0.035378994610731684	0.057706791441802685	0.0502350144525705	0.050472557453005384	0.05038763166695226	0.05035939094225417	0.05029722424386296	0.03305926914619217	0.05137085563411414	0.05126431413341348	0.05134859268404701	0.051298337578888686	0.03238422268127694	0.04962251572745868	0.04952178996844725	0.04960125934288018	0.04955546677035749	0.04955627557662401	0.0	0	0	0	0	0
ucseq_s2_Drosophila_yakuba_overlap_1	0.06803596217975161	0.06410426076438647	0.06464421277712329	0	0.03530795775598039	0.050359451067264915	0.057326364335011704	0.0503869110197811	0.050434406404745835	0.05031820545757715	0.050321270715651845	0.05137005764386793	0.03301244624611921	0.05142535308472884	0.05137040168670082	0.051278778709088924	0.04962100821093951	0.03234005531005135	0.04966880279754726	0.04961994773585421	0.04963636750364342	0.04953746061497932	0	0.0	0	0	0	0
ucseq_s2_Drosophila_yakuba_overlap_10	0.06802511833076419	0.06409101037993359	0.06463345105342233	0	0.035298760070729074	0.05038678266144481	0.05027772569137834	0.05455932022050414	0.0504120124584686	0.050384150331483024	0.0502736711454147	0.05126570259089391	0.051427538778193504	0.0330180836553533	0.05146961625844493	0.051381504940663625	0.049523538657485044	0.04967205840266109	0.0323449951903626	0.04970840948863986	0.049547069344994865	0.04962862499345455	0	0	0.0	0	0	0
ucseq_s2_Drosophila_yakuba_overlap_25	0.06802972699598286	0.06409767798211707	0.06463714271298238	0	0.0354452642702322	0.05052629244203055	0.05038108953125431	0.050379573702812985	0.05035320471367033	0.05042605108094511	0.05033905604672839	0.051348268682742226	0.05137087584885114	0.05146790414775271	0.03312645906328493	0.05138863698078622	0.049600653566267305	0.04962084963687019	0.04970605538181716	0.03244511371397163	0.04957167662042816	0.04963922699200718	0	0	0	0.0	0	0
ucseq_s2_Drosophila_yakuba_overlap_5	0.06802880548558543	0.06409619370684971	0.06463645359641024	0	0.03535148548926459	0.050421254837115015	0.050284423376914966	0.050423843368473054	0.05039035040999684	0.056081715391474996	0.05024443381175592	0.05129873218369019	0.051390372068825796	0.05128837720210311	0.051324104259249825	0.051402260016890966	0.04955607823560326	0.04963848630598999	0.04954593219406633	0.04957289387643826	0.032363838221259655	0.04965253247378054	0	0	0	0	0.0	0
ucseq_s2_Drosophila_yakuba_overlap_50	0.06803040990978182	0.0640991958387006	0.06463843492749077	0	0.0353769823333695	0.050419968615840194	0.050414315156560585	0.050421336161367014	0.050354525281884444	0.05037969896265759	0.04410959505933809	0.0512983256020364	0.051279564744550865	0.051380104801679316	0.05138894894768464	0.03305895502046219	0.049556080953946036	0.04953877363079151	0.04962668193616193	0.04963963811292582	0.049651726485798076	0.03238083035109984	0	0	0	0	0	0.0
