sample	Dros_sech_plant1	Dros_sim_base100	Drosophila_sim_WXD1_downSmpld	Drosophila_yakuba_downSmpld	bac_bin_0_5_all.fna	s1_Dros_sim_overlap_0	s1_Dros_sim_overlap_1	s1_Dros_sim_overlap_10	s1_Dros_sim_overlap_25	s1_Dros_sim_overlap_5	s1_Dros_sim_overlap_50	s2_Dros_sech_overlap_0	s2_Dros_sech_overlap_1	s2_Dros_sech_overlap_10	s2_Dros_sech_overlap_25	s2_Dros_sech_overlap_50	s2_Drosophila_sim_WXD1_overlap_0	s2_Drosophila_sim_WXD1_overlap_1	s2_Drosophila_sim_WXD1_overlap_10	s2_Drosophila_sim_WXD1_overlap_25	s2_Drosophila_sim_WXD1_overlap_5	s2_Drosophila_sim_WXD1_overlap_50	s2_Drosophila_yakuba_overlap_0	s2_Drosophila_yakuba_overlap_1	s2_Drosophila_yakuba_overlap_10	s2_Drosophila_yakuba_overlap_25	s2_Drosophila_yakuba_overlap_5	s2_Drosophila_yakuba_overlap_50
Dros_sech_plant1	0.0	0.02121527575045834	0.02071195500638101	0.06674013595028883	0.3554092701331435	0.022742447436645663	0.022741961636817853	0.02272907756256548	0.022724194045616986	0.02273870224496144	0.02273210013931548	0	0	0	0	0	0.02243500199959536	0.022437892544989735	0.022440568062398913	0.022444281834874236	0.02244357478122294	0.02245463422526106	0.0684935136933772	0.06849626656460228	0.06849791043699549	0.06850087143981187	0.0685004145372885	0.06851034029525649
Dros_sim_base100	0.02121527575045834	0.0	0.0019339187619736853	0.06270593328695673	1.0	0	0	0	0	0	0	0.02308756248606303	0.023091820756408143	0.0230933667461114	0.023099819627848794	0.023109412443455768	0.0037942049988211046	0.0038007981496266385	0.0038023696725889566	0.003807134441468074	0.0038060567222224506	0.0038179489288210355	0.06448470487008695	0.06448882691599678	0.06448975015260561	0.06449471393591988	0.0644925061501902	0.0645028273502608
Drosophila_sim_WXD1_downSmpld	0.02071195500638101	0.0019339187619736853	0.0	0.06332437499987198	0.3558490934318598	0.0034722067353090136	0.003471792498518589	0.0034585921852466894	0.0034541922776827327	0.0034670743011856464	0.0034611788721368164	0.02249104853704642	0.022493236894647217	0.02249641712009276	0.022499387728948883	0.022510908471518154	0	0	0	0	0	0	0.06501167520524964	0.0650133848278448	0.06501513059771902	0.06501782370419429	0.06501791319896688	0.06502759580769324
Drosophila_yakuba_downSmpld	0.06674013595028883	0.06270593328695673	0.06332437499987198	0.0	0.3778333064156455	0.0642132310587501	0.06421210008308786	0.06419856479411312	0.06419495149088916	0.06420901496925635	0.06420208654822057	0.06858930757109416	0.06859355752982632	0.06859519393527191	0.06859817703654192	0.06860873973983239	0.06505207763404197	0.06505431964453534	0.06505628278631503	0.06506101777722917	0.06505889895307748	0.06506819736439551	0	0	0	0	0	0
bac_bin_0_5_all.fna	0.3554092701331435	1.0	0.3558490934318598	0.3778333064156455	0.0	0.02328091473092453	0.02326408762863008	0.023183153026055225	0.023197439361418604	0.023218534737822316	0.023222923824883113	0.019483128079551104	0.019535985833993852	0.019516447717610075	0.01951671119964038	0.019555470023079335	0.02054729465887295	0.02059803172670105	0.02057520553565184	0.02057812286565419	0.02060773682070849	0.02061490348021655	0.020674870759917363	0.02073005866887656	0.020708165472710482	0.02071372748664657	0.020736922864601492	0.020746256788205186
s1_Dros_sim_overlap_0	0.022742447436645663	0	0.0034722067353090136	0.0642132310587501	0.02328091473092453	0.0	0	0	0	0	0	0.018442535237549018	0.013807135813213911	0.013797786794030098	0.013809807228899462	0.013806977675748455	0.0017754574258235234	0	0	0	0	0	0.048323851739158874	0.03798719535467099	0.03796675018209361	0.037981983513117434	0.03799764618332513	0.03797063512692589
s1_Dros_sim_overlap_1	0.022741961636817853	0	0.003471792498518589	0.06421210008308786	0.02326408762863008	0	0.0	0	0	0	0	0.0137435961682556	0.018286271025425793	0.013771140058387421	0.013783813067238193	0.01382475712475606	0	0.0016861363715425792	0	0	0	0	0.03784935002246026	0.04793457070543572	0.03789267283603126	0.03792127931076661	0.03787531240679265	0.038003835545099895
s1_Dros_sim_overlap_10	0.02272907756256548	0	0.0034585921852466894	0.06419856479411312	0.023183153026055225	0	0	0.0	0	0	0	0.013786545078492418	0.01379939420456211	0.016485049713078292	0.013771566042447447	0.013789687842112097	0	0	0.0006045990658627431	0	0	0	0.03794648935259293	0.03797579755078617	0.04373444914093583	0.03791975164298189	0.03791362153668243	0.03794245317551892
s1_Dros_sim_overlap_25	0.022724194045616986	0	0.0034541922776827327	0.06419495149088916	0.023197439361418604	0	0	0	0.0	0	0	0.013769531297761928	0.013835417002675099	0.013756863455626989	0.013729063372812655	0.013781194474494662	0	0	0	0	0	0	0.03792875169942911	0.038063229400067455	0.037893201244073915	0.037842827727734396	0.03788610389240521	0.03792767004734354
s1_Dros_sim_overlap_5	0.02273870224496144	0	0.0034670743011856464	0.06420901496925635	0.023218534737822316	0	0	0	0	0.0	0	0.013739703071063647	0.013785335774668006	0.013744158480043511	0.013767427011418087	0.013826471598918477	0	0	0	0	0.0012214541428492431	0	0.03784974113935813	0.03795098925386453	0.03786367271199864	0.037901874582793704	0.04606609637555459	0.03800675501447248
s1_Dros_sim_overlap_50	0.02273210013931548	0	0.0034611788721368164	0.06420208654822057	0.023222923824883113	0	0	0	0	0	0.0	0.01375983699244343	0.013770747896885593	0.013759290898213705	0.013778961261518896	0.009426912012184596	0	0	0	0	0	0	0.03789787143032275	0.037918650035676515	0.037895828058341796	0.03791818426843385	0.037896884902116845	0.029606868286820243
s2_Dros_sech_overlap_0	0	0.02308756248606303	0.02249104853704642	0.06858930757109416	0.019483128079551104	0.018442535237549018	0.0137435961682556	0.013786545078492418	0.013769531297761928	0.013739703071063647	0.01375983699244343	0.0	0	0	0	0	1.6707514552294356e-05	0.012705080867750018	0.01268059250272191	0.012716363019377619	0.012729914629138417	0.01271949107270276	0.014771811527780954	0.03745798697226377	0.03739929806879283	0.03746991722900961	0.03750633770853462	0.03747364390438224
s2_Dros_sech_overlap_1	0	0.023091820756408143	0.022493236894647217	0.06859355752982632	0.019535985833993852	0.013807135813213911	0.018286271025425793	0.01379939420456211	0.013835417002675099	0.013785335774668006	0.013770747896885593	0	0.0	0	0	0	0.012704327192902265	4.754682271246313e-05	0.012778025989191089	0.012715781370080781	0.012768682496832162	0.012720928060613756	0.03745904125923305	0.014825604884620036	0.03761370205109693	0.03748627441784502	0.03758274749550472	0.03748244932071987
s2_Dros_sech_overlap_10	0	0.0230933667461114	0.02249641712009276	0.06859519393527191	0.019516447717610075	0.013797786794030098	0.013771140058387421	0.016485049713078292	0.013756863455626989	0.013744158480043511	0.013759290898213705	0	0	0.0	0	0	0.012679869546509459	0.012778056806752591	4.25615290234882e-05	0.012711332298689704	0.012755178920960009	0.012718886318376699	0.0374003440615045	0.03761369370140244	0.014819006077009034	0.03745716082230832	0.037570356718329756	0.037480789206697396
s2_Dros_sech_overlap_25	0	0.023099819627848794	0.022499387728948883	0.06859817703654192	0.01951671119964038	0.013809807228899462	0.013783813067238193	0.013771566042447447	0.013729063372812655	0.013767427011418087	0.013778961261518896	0	0	0	0.0	0	0.012714292074492595	0.012714464297735484	0.012709984300952382	3.219873094906234e-05	0.012724319319897148	0.012715790555104078	0.037471519665960296	0.037486822197629666	0.03745771698215139	0.014786759006368166	0.03750673310761232	0.03746981320470144
s2_Dros_sech_overlap_50	0	0.023109412443455768	0.022510908471518154	0.06860873973983239	0.019555470023079335	0.013806977675748455	0.01382475712475606	0.013789687842112097	0.013781194474494662	0.013826471598918477	0.009426912012184596	0	0	0	0	0.0	0.012719523115756193	0.012721713759655806	0.012719641204867682	0.012717893334384334	0.012758373241523291	8.03981961814415e-05	0.037475737837367684	0.03748348957069869	0.03748183777808356	0.03747030629254533	0.03756739066648351	0.01486105135784932
s2_Drosophila_sim_WXD1_overlap_0	0.02243500199959536	0.0037942049988211046	0	0.06505207763404197	0.02054729465887295	0.0017754574258235234	0	0	0	0	0	1.6707514552294356e-05	0.012704327192902265	0.012679869546509459	0.012714292074492595	0.012719523115756193	0.0	0	0	0	0	0	0.014730869666578994	0.03659781844302157	0.036544678852388324	0.03661619939292782	0.03665084346577385	0.03661831321024289
s2_Drosophila_sim_WXD1_overlap_1	0.022437892544989735	0.0038007981496266385	0	0.06505431964453534	0.02059803172670105	0	0.0016861363715425792	0	0	0	0	0.012705080867750018	4.754682271246313e-05	0.012778056806752591	0.012714464297735484	0.012721713759655806	0	0.0	0	0	0	0	0.03659955147507554	0.014783394371042813	0.036753955293372775	0.03662666913240409	0.03672019321396924	0.03662332882977026
s2_Drosophila_sim_WXD1_overlap_10	0.022440568062398913	0.0038023696725889566	0	0.06505628278631503	0.02057520553565184	0	0	0.0006045990658627431	0	0	0	0.01268059250272191	0.012778025989191089	4.25615290234882e-05	0.012709984300952382	0.012719641204867682	0	0	0.0	0	0	0	0.036546377167721245	0.03675392041993242	0.014776623216918416	0.03660293542621618	0.036710933574830684	0.036623236852405205
s2_Drosophila_sim_WXD1_overlap_25	0.022444281834874236	0.003807134441468074	0	0.06506101777722917	0.02057812286565419	0	0	0	0	0	0	0.012716363019377619	0.012715781370080781	0.012711332298689704	3.219873094906234e-05	0.012717893334384334	0	0	0	0.0	0	0	0.036619703277768534	0.036628439459760576	0.03660474077759335	0.014745781204136277	0.03664837789330666	0.03661415934525791
s2_Drosophila_sim_WXD1_overlap_5	0.02244357478122294	0.0038060567222224506	0	0.06505889895307748	0.02060773682070849	0	0	0	0	0.0012214541428492431	0	0.012729914629138417	0.012768682496832162	0.012755178920960009	0.012724319319897148	0.012758373241523291	0	0	0	0	0.0	0	0.03665276214792834	0.03672037904331049	0.03671115427716842	0.03664679355944489	0.0147989983637834	0.03670835572633202
s2_Drosophila_sim_WXD1_overlap_50	0.02245463422526106	0.0038179489288210355	0	0.06506819736439551	0.02061490348021655	0	0	0	0	0	0	0.01271949107270276	0.012720928060613756	0.012718886318376699	0.012715790555104078	8.03981961814415e-05	0	0	0	0	0	0.0	0.0366203278912306	0.036623611085702557	0.03662355395282613	0.036612671829033494	0.036708452141776315	0.01481872717378474
s2_Drosophila_yakuba_overlap_0	0.0684935136933772	0.06448470487008695	0.06501167520524964	0	0.020674870759917363	0.048323851739158874	0.03784935002246026	0.03794648935259293	0.03792875169942911	0.03784974113935813	0.03789787143032275	0.014771811527780954	0.03745904125923305	0.0374003440615045	0.037471519665960296	0.037475737837367684	0.014730869666578994	0.03659955147507554	0.036546377167721245	0.036619703277768534	0.03665276214792834	0.0366203278912306	0.0	0	0	0	0	0
s2_Drosophila_yakuba_overlap_1	0.06849626656460228	0.06448882691599678	0.0650133848278448	0	0.02073005866887656	0.03798719535467099	0.04793457070543572	0.03797579755078617	0.038063229400067455	0.03795098925386453	0.037918650035676515	0.03745798697226377	0.014825604884620036	0.03761369370140244	0.037486822197629666	0.03748348957069869	0.03659781844302157	0.014783394371042813	0.03675392041993242	0.036628439459760576	0.03672037904331049	0.036623611085702557	0	0.0	0	0	0	0
s2_Drosophila_yakuba_overlap_10	0.06849791043699549	0.06448975015260561	0.06501513059771902	0	0.020708165472710482	0.03796675018209361	0.03789267283603126	0.04373444914093583	0.037893201244073915	0.03786367271199864	0.037895828058341796	0.03739929806879283	0.03761370205109693	0.014819006077009034	0.03745771698215139	0.03748183777808356	0.036544678852388324	0.036753955293372775	0.014776623216918416	0.03660474077759335	0.03671115427716842	0.03662355395282613	0	0	0.0	0	0	0
s2_Drosophila_yakuba_overlap_25	0.06850087143981187	0.06449471393591988	0.06501782370419429	0	0.02071372748664657	0.037981983513117434	0.03792127931076661	0.03791975164298189	0.037842827727734396	0.037901874582793704	0.03791818426843385	0.03746991722900961	0.03748627441784502	0.03745716082230832	0.014786759006368166	0.03747030629254533	0.03661619939292782	0.03662666913240409	0.03660293542621618	0.014745781204136277	0.03664679355944489	0.036612671829033494	0	0	0	0.0	0	0
s2_Drosophila_yakuba_overlap_5	0.0685004145372885	0.0644925061501902	0.06501791319896688	0	0.020736922864601492	0.03799764618332513	0.03787531240679265	0.03791362153668243	0.03788610389240521	0.04606609637555459	0.037896884902116845	0.03750633770853462	0.03758274749550472	0.037570356718329756	0.03750673310761232	0.03756739066648351	0.03665084346577385	0.03672019321396924	0.036710933574830684	0.03664837789330666	0.0147989983637834	0.036708452141776315	0	0	0	0	0.0	0
s2_Drosophila_yakuba_overlap_50	0.06851034029525649	0.0645028273502608	0.06502759580769324	0	0.020746256788205186	0.03797063512692589	0.038003835545099895	0.03794245317551892	0.03792767004734354	0.03800675501447248	0.029606868286820243	0.03747364390438224	0.03748244932071987	0.037480789206697396	0.03746981320470144	0.01486105135784932	0.03661831321024289	0.03662332882977026	0.036623236852405205	0.03661415934525791	0.03670835572633202	0.01481872717378474	0	0	0	0	0	0.0
